[gd_scene load_steps=10 format=2]

[ext_resource path="res://Script/Kwad/Kwad.gd" type="Script" id=1]
[ext_resource path="res://Models/kwad/kwad.gltf" type="PackedScene" id=2]
[ext_resource path="res://Sound/prop.wav" type="AudioStream" id=3]
[ext_resource path="res://Models/motor/motor.gltf" type="PackedScene" id=4]
[ext_resource path="res://Models/prop/Material_Moving.material" type="Material" id=5]
[ext_resource path="res://Models/prop/prop.gltf" type="PackedScene" id=6]

[sub_resource type="PhysicsMaterial" id=1]

[sub_resource type="BoxShape" id=2]
extents = Vector3( 0.0804825, 0.0337435, 0.0801742 )

[sub_resource type="CylinderMesh" id=3]
material = ExtResource( 5 )
top_radius = 0.062
bottom_radius = 0.062
height = 0.001

[node name="Kwad" type="RigidBody"]
input_capture_on_drag = true
mass = 0.6
physics_material_override = SubResource( 1 )
continuous_cd = true
contacts_reported = 1
script = ExtResource( 1 )

[node name="Camera" type="Camera" parent="."]
transform = Transform( 1, 0, 0, 0, 0.939693, -0.34202, 0, 0.34202, 0.939693, 0, 0.0246631, -0.0184349 )
current = true
fov = 120.0
near = 0.01
far = 500.0

[node name="Scene Root" parent="." instance=ExtResource( 2 )]
transform = Transform( -1, 0, -8.74228e-08, 0, 1, 0, 8.74228e-08, 0, -1, 0, -0.0266218, 0 )

[node name="CollisionShape" type="CollisionShape" parent="."]
shape = SubResource( 2 )

[node name="motor1" type="Spatial" parent="."]
transform = Transform( 1, 0, 0, 0, 1, 0, 0, 0, 1, 0.065, 0, 0.065 )

[node name="MotorSound" type="AudioStreamPlayer3D" parent="motor1"]
stream = ExtResource( 3 )
bus = "SFX"

[node name="Scene Root" parent="motor1" instance=ExtResource( 4 )]
transform = Transform( 1, 0, 0, 0, 1, 0, 0, 0, 1, 0, -0.027, 0 )

[node name="movingProp" type="MeshInstance" parent="motor1"]
visible = false
mesh = SubResource( 3 )
material/0 = null

[node name="Prop" parent="motor1" instance=ExtResource( 6 )]
transform = Transform( -0.280763, 0, 0.959777, 0, 1, 0, -0.959777, 0, -0.280763, 0, -0.00284342, 0 )

[node name="motor2" type="Spatial" parent="."]
transform = Transform( 1, 0, 0, 0, 1, 0, 0, 0, 1, -0.065, 0, 0.065 )

[node name="MotorSound" type="AudioStreamPlayer3D" parent="motor2"]
stream = ExtResource( 3 )
bus = "SFX"

[node name="Scene Root" parent="motor2" instance=ExtResource( 4 )]
transform = Transform( 1, 0, 0, 0, 1, 0, 0, 0, 1, 0, -0.027, 0 )

[node name="movingProp" type="MeshInstance" parent="motor2"]
visible = false
mesh = SubResource( 3 )
material/0 = null

[node name="Prop" parent="motor2" instance=ExtResource( 6 )]
transform = Transform( 0.840923, 0, -0.541155, 0, 1, 0, -0.541155, 0, -0.840923, -0.000283733, -0.00284342, 2.98023e-08 )

[node name="motor3" type="Spatial" parent="."]
transform = Transform( 1, 0, 0, 0, 1, 0, 0, 0, 1, 0.065, 0, -0.065 )

[node name="MotorSound" type="AudioStreamPlayer3D" parent="motor3"]
stream = ExtResource( 3 )
bus = "SFX"

[node name="Scene Root" parent="motor3" instance=ExtResource( 4 )]
transform = Transform( 1, 0, 0, 0, 1, 0, 0, 0, 1, 0, -0.027, 0 )

[node name="Prop" parent="motor3" instance=ExtResource( 6 )]
transform = Transform( -0.501838, 0, 0.864962, 0, 1, 0, 0.864962, 0, 0.501838, 0, -0.00284342, 0.000440836 )

[node name="movingProp" type="MeshInstance" parent="motor3"]
visible = false
mesh = SubResource( 3 )
material/0 = null

[node name="motor4" type="Spatial" parent="."]
transform = Transform( 1, 0, 0, 0, 1, 0, 0, 0, 1, -0.065, 0, -0.065 )

[node name="MotorSound" type="AudioStreamPlayer3D" parent="motor4"]
stream = ExtResource( 3 )
bus = "SFX"

[node name="Scene Root" parent="motor4" instance=ExtResource( 4 )]
transform = Transform( 1, 0, 0, 0, 1, 0, 0, 0, 1, 0, -0.027, 0 )

[node name="Prop" parent="motor4" instance=ExtResource( 6 )]
transform = Transform( 0.587029, 0, -0.809566, 0, 1, 0, 0.809566, 0, 0.587029, 0, -0.003, 0 )

[node name="movingProp" type="MeshInstance" parent="motor4"]
visible = false
mesh = SubResource( 3 )
material/0 = null

[node name="Listener" type="Listener" parent="."]
current = true
